-40	0	50	0.5839	0	1.212	-1.3038	0.312	0.0197	0	-0.0704	0	0.3317	-66.18274112
-38	0	50	0.559	0	1.1987	-1.2887	0.2787	0.0188	0	-0.0814	0	0.2975	-68.54787234
-36	0	50	0.5325	0	1.1838	-1.2707	0.2469	0.0182	0	-0.0931	0	0.2651	-69.81868132
-34	0	50	0.5056	0	1.1676	-1.2507	0.2165	0.0173	0	-0.105	0	0.2338	-72.29479769
-32	0	50	0.4751	0	1.1459	-1.2236	0.1877	0.0167	0	-0.1182	0	0.2044	-73.26946108
-30	0	50	0.4346	0	1.1055	-1.1747	0.1606	0.0158	0	-0.1281	0	0.1764	-74.34810127
-28	0	50	0.3941	0	1.062	-1.1227	0.1354	0.0152	0	-0.1375	0	0.1506	-73.86184211
-26	0	50	0.41	0	1.1296	-1.195	0.1121	0.0146	0	-0.1472	0	0.1267	-81.84931507
-24	0	50	0.3588	0	1.0629	-1.1169	0.0907	0.0138	0	-0.1556	0	0.1045	-80.93478261
-22	0	50	0.3033	0	0.9769	-1.0194	0.0715	0.0133	0	-0.1614	0	0.0848	-76.64661654
-20	0	50	0.2499	0	0.8828	-0.9151	0.0544	0.0127	0	-0.1658	0	0.0671	-72.05511811
-18	0	50	0.198	0	0.7767	-0.7999	0.0395	0.0122	0	-0.1683	0	0.0517	-65.56557377
-16	0	50	0.1685	0	0.7275	-0.7457	0.027	0.0116	0	-0.1707	0	0.0386	-64.28448276
-14	0	50	0.1222	0	0.6055	-0.6171	0.0167	0.0112	0	-0.173	0	0.0279	-55.09821429
-12	0	50	0.0901	0	0.5193	-0.5267	0.0089	0.0109	0	-0.1753	0	0.0198	-48.32110092
-10	0	50	0.0761	0	0.5128	-0.5182	0.0035	0.0105	0	-0.1774	0	0.014	-49.35238095
-8	0	50	0.0352	0	0.3282	-0.3299	0.0006	0.0103	0	-0.1795	0	0.0109	-32.02912621
-6	0	50	0.0021	0	0.1177	-0.1172	0.0001	0.0101	0	-0.1814	0	0.0102	-11.6039604
-4	0	50	-0.0199	0	-0.1111	0.1122	0.0021	0.01	0	-0.1831	0	0.0121	11.22
-2	0	50	-0.0291	0	-0.3589	0.3597	0.0066	0.01	0	-0.1848	0	0.0166	35.97
0	0	50	-0.0235	0	-0.6768	0.6768	0.0135	0.0101	0	-0.1863	0	0.0236	67.00990099
2	0	50	-0.0024	0	-0.8784	0.8778	0.0228	0.0102	0	-0.1877	0	0.033	86.05882353
4	0	50	0.0301	0	-1.0766	1.0761	0.0346	0.0105	0	-0.189	0	0.0451	102.4857143
6	0	50	0.0739	0	-1.2726	1.2734	0.0486	0.0108	0	-0.1901	0	0.0594	117.9074074
8	0	50	0.1275	0	-1.4553	1.4589	0.065	0.0113	0	-0.1912	0	0.0763	129.1061947
10	0	50	0.1906	0	-1.6305	1.6388	0.0837	0.0117	0	-0.1921	0	0.0954	140.0683761
12	0	50	0.2668	0	-1.817	1.8327	0.1045	0.0123	0	-0.1928	0	0.1168	149
14	0	50	0.354	0	-2	2.0262	0.1274	0.013	0	-0.1934	0	0.1404	155.8615385
16	0	50	0.4522	0	-2.1786	2.2189	0.1523	0.0136	0	-0.194	0	0.1659	163.1544118
18	0	50	0.5609	0	-2.3513	2.4095	0.179	0.0142	0	-0.1942	0	0.1932	169.6830986
20	0	50	0.6802	0	-2.519	2.5997	0.2076	0.0148	0	-0.1945	0	0.2224	175.6554054
22	0	50	0.8094	0	-2.6803	2.7884	0.2379	0.0157	0	-0.1946	0	0.2536	177.6050955
24	0	50	0.9604	0	-2.8605	3.0038	0.2697	0.0164	0	-0.1945	0	0.2861	183.1585366
26	0	50	0.5315	0	-1.8187	1.8676	0.3026	0.017	0	-0.1939	0	0.3196	109.8588235
28	0	50	0.5626	0	-1.8137	1.8655	0.3367	0.018	0	-0.1936	0	0.3547	103.6388889
30	0	50	0.5756	0	-1.7807	1.8299	0.3732	0.0187	0	-0.1962	0	0.3919	97.85561497
32	0	50	0.5689	0	-1.7211	1.761	0.4099	0.0197	0	-0.1972	0	0.4296	89.39086294
34	0	50	0.5472	0	-1.6479	1.6722	0.4476	0.0203	0	-0.1992	0	0.4679	82.37438424
36	0	50	0.5804	0	-1.6621	1.6858	0.4861	0.0214	0	-0.2024	0	0.5075	78.77570093
38	0	50	0.5192	0	-1.5541	1.5443	0.5252	0.0225	0	-0.2069	0	0.5477	68.63555556
40	0	50	0.5302	0	-1.5462	1.5252	0.5647	0.023	0	-0.2087	0	0.5877	66.31304348

-40	0	50	0.3751	0	0.9515	-0.97	0.2994	0.0248	0	0.0988	0	0.3242	-39.11290323
-38	0	50	0.374	0	0.9637	-0.9897	0.2745	0.0241	0	0.0911	0	0.2986	-41.06639004
-36	0	50	0.3727	0	0.977	-1.0094	0.25	0.0228	0	0.0817	0	0.2728	-44.27192982
-34	0	50	0.444	0	1.102	-1.1619	0.2261	0.022	0	0.0718	0	0.2481	-52.81363636
-32	0	50	0.4336	0	1.116	-1.1761	0.2029	0.0208	0	0.0611	0	0.2237	-56.54326923
-30	0	50	0.4193	0	1.1273	-1.1859	0.1806	0.02	0	0.0518	0	0.2006	-59.295
-28	0	50	0.4025	0	1.1358	-1.1918	0.1591	0.0188	0	0.0415	0	0.1779	-63.39361702
-26	0	50	0.3778	0	1.1323	-1.1833	0.1388	0.018	0	0.0323	0	0.1568	-65.73888889
-24	0	50	0.3439	0	1.1078	-1.1519	0.1196	0.0169	0	0.0264	0	0.1365	-68.15976331
-22	0	50	0.3412	0	1.1584	-1.2019	0.1015	0.0161	0	0.0213	0	0.1176	-74.65217391
-20	0	50	0.3181	0	1.1663	-1.2048	0.0847	0.0153	0	0.0179	0	0.1	-78.74509804
-18	0	50	0.2844	0	1.1464	-1.1781	0.0692	0.0146	0	0.0159	0	0.0838	-80.69178082
-16	0	50	0.229	0	1.0485	-1.071	0.0552	0.0137	0	0.0136	0	0.0689	-78.17518248
-14	0	50	0.189	0	0.988	-1.0044	0.0427	0.013	0	0.0122	0	0.0557	-77.26153846
-12	0	50	0.1484	0	0.91	-0.921	0.0316	0.0124	0	0.011	0	0.044	-74.27419355
-10	0	50	0.1094	0	0.8166	-0.8232	0.0222	0.0118	0	0.0097	0	0.034	-69.76271186
-8	0	50	0.0987	0	0.8868	-0.8919	0.0144	0.0113	0	0.0084	0	0.0257	-78.92920354
-6	0	50	0.0483	0	0.6425	-0.644	0.0083	0.0109	0	0.007	0	0.0192	-59.08256881
-4	0	50	0.0158	0	0.4324	-0.4324	0.0038	0.0106	0	0.0056	0	0.0144	-40.79245283
-2	0	50	-0.0037	0	0.2203	-0.2201	0.001	0.0104	0	0.0042	0	0.0114	-21.16346154
0	0	50	-0.0103	0	0.0073	-0.0073	0	0.0103	0	0.0028	0	0.0103	-0.708737864
2	0	50	-0.0039	0	-0.2059	0.2057	0.0007	0.0104	0	0.0014	0	0.0111	19.77884615
4	0	50	0.0155	0	-0.4181	0.4181	0.0031	0.0106	0	-0.0001	0	0.0137	39.44339623
6	0	50	0.0529	0	-0.6766	0.6784	0.0072	0.0109	0	-0.0015	0	0.0181	62.23853211
8	0	50	0.0968	0	-0.8636	0.8687	0.013	0.0114	0	-0.0029	0	0.0244	76.20175439
10	0	50	0.11	0	-0.8099	0.8167	0.0205	0.0118	0	-0.0043	0	0.0323	69.21186441
12	0	50	0.1491	0	-0.9034	0.9147	0.0296	0.0124	0	-0.0056	0	0.042	73.76612903
14	0	50	0.1899	0	-0.9816	0.9984	0.0402	0.013	0	-0.007	0	0.0532	76.8
16	0	50	0.2286	0	-1.0378	1.0606	0.0525	0.0138	0	-0.0092	0	0.0663	76.85507246
18	0	50	0.2843	0	-1.1364	1.1686	0.0662	0.0146	0	-0.0114	0	0.0808	80.04109589
20	0	50	0.3181	0	-1.1566	1.1957	0.0813	0.0153	0	-0.0133	0	0.0966	78.1503268
22	0	50	0.341	0	-1.1482	1.1924	0.0978	0.0161	0	-0.0165	0	0.1139	74.0621118
24	0	50	0.3432	0	-1.0965	1.1413	0.1156	0.0169	0	-0.0217	0	0.1325	67.53254438
26	0	50	0.3764	0	-1.1197	1.1714	0.1346	0.018	0	-0.028	0	0.1526	65.07777778
28	0	50	0.4004	0	-1.1223	1.1789	0.1546	0.0188	0	-0.0373	0	0.1734	62.70744681
30	0	50	0.4168	0	-1.1135	1.1727	0.1758	0.02	0	-0.0477	0	0.1958	58.635
32	0	50	0.4309	0	-1.1024	1.1632	0.198	0.0208	0	-0.0567	0	0.2188	55.92307692
34	0	50	0.4412	0	-1.0885	1.1491	0.2209	0.022	0	-0.0683	0	0.2429	52.23181818
36	0	50	0.3705	0	-0.965	0.9985	0.2446	0.0228	0	-0.078	0	0.2674	43.79385965
38	0	50	0.3719	0	-0.9521	0.9792	0.269	0.0241	0	-0.0873	0	0.2931	40.63070539
40	0	50	0.3727	0	-0.9399	0.9596	0.2938	0.0248	0	-0.0952	0	0.3186	38.69354839

-40	0	50	0.3668	0	0.9733	-0.9814		0.0229	0	0.0845	0	0.0229	-42.8558952
-38	0	50	0.3667	0	0.9839	-1.0011		0.0222	0	0.0764	0	0.0222	-45.09459459
-36	0	50	0.3661	0	0.9955	-1.0205		0.021	0	0.0672	0	0.021	-48.5952381
-34	0	50	0.4382	0	1.1188	-1.1725		0.0203	0	0.0575	0	0.0203	-57.75862069
-32	0	50	0.4287	0	1.1315	-1.1868		0.0191	0	0.0475	0	0.0191	-62.13612565
-30	0	50	0.4151	0	1.1412	-1.1959		0.0184	0	0.0385	0	0.0184	-64.99456522
-28	0	50	0.3993	0	1.1488	-1.2018		0.0173	0	0.0282	0	0.0173	-69.46820809
-26	0	50	0.3731	0	1.1394	-1.1876		0.0165	0	0.0204	0	0.0165	-71.97575758
-24	0	50	0.3388	0	1.1119	-1.1536		0.0158	0	0.0153	0	0.0158	-73.01265823
-22	0	50	0.3362	0	1.1587	-1.2003		0.0148	0	0.0107	0	0.0148	-81.10135135
-20	0	50	0.2884	0	1.0952	-1.1278		0.0141	0	0.0078	0	0.0141	-79.9858156
-18	0	50	0.2608	0	1.0818	-1.1095		0.0134	0	0.0063	0	0.0134	-82.79850746
-16	0	50	0.227	0	1.0478	-1.0698		0.0127	0	0.0044	0	0.0127	-84.23622047
-14	0	50	0.176	0	0.9399	-0.9545		0.0121	0	0.0037	0	0.0121	-78.88429752
-12	0	50	0.1482	0	0.9101	-0.921		0.0115	0	0.003	0	0.0115	-80.08695652
-10	0	50	0.1505	0	1.048	-1.0582		0.011	0	0.0023	0	0.011	-96.2
-8	0	50	0.0945	0	0.8524	-0.8572		0.0105	0	0.0016	0	0.0105	-81.63809524
-6	0	50	0.0494	0	0.6451	-0.6468		0.0101	0	0.0009	0	0.0101	-64.03960396
-4	0	50	0.0172	0	0.4386	-0.4387		0.0098	0	0.0002	0	0.0098	-44.76530612
-2	0	50	-0.0026	0	0.2256	-0.2254		0.0096	0	-0.0005	0	0.0096	-23.47916667
0	0	50	-0.0096	0	0.0011	-0.0011		0.0096	0	-0.0013	0	0.0096	-0.114583333
2	0	50	-0.0026	0	-0.2311	0.2309		0.0096	0	-0.002	0	0.0096	24.05208333
4	0	50	0.0172	0	-0.4423	0.4424		0.0098	0	-0.0027	0	0.0098	45.14285714
6	0	50	0.0539	0	-0.6914	0.6933		0.0101	0	-0.0034	0	0.0101	68.64356436
8	0	50	0.097	0	-0.8747	0.8797		0.0105	0	-0.0041	0	0.0105	83.78095238
10	0	50	0.1039	0	-0.7879	0.794		0.011	0	-0.0048	0	0.011	72.18181818
12	0	50	0.1482	0	-0.9145	0.9253		0.0116	0	-0.0055	0	0.0116	79.76724138
14	0	50	0.176	0	-0.9438	0.9584		0.0122	0	-0.0062	0	0.0122	78.55737705
16	0	50	0.2256	0	-1.0472	1.0688		0.0128	0	-0.0077	0	0.0128	83.5
18	0	50	0.2593	0	-1.0814	1.1086		0.0135	0	-0.0095	0	0.0135	82.11851852
20	0	50	0.2868	0	-1.0946	1.1266		0.0142	0	-0.0107	0	0.0142	79.33802817
22	0	50	0.2991	0	-1.0705	1.1046		0.0149	0	-0.0132	0	0.0149	74.13422819
24	0	50	0.3364	0	-1.1103	1.1512		0.0159	0	-0.0176	0	0.0159	72.40251572
26	0	50	0.3691	0	-1.135	1.1819		0.0166	0	-0.0234	0	0.0166	71.19879518
28	0	50	0.3929	0	-1.1405	1.1914		0.0173	0	-0.0317	0	0.0173	68.86705202
30	0	50	0.4079	0	-1.1325	1.1847		0.0184	0	-0.042	0	0.0184	64.38586957
32	0	50	0.421	0	-1.1228	1.1753		0.0192	0	-0.0505	0	0.0192	61.21354167
34	0	50	0.4302	0	-1.1104	1.1611		0.0204	0	-0.0606	0	0.0204	56.91666667
36	0	50	0.3585	0	-0.9885	1.0104		0.0211	0	-0.0704	0	0.0211	47.88625592
38	0	50	0.3589	0	-0.9774	0.9911		0.0223	0	-0.0793	0	0.0223	44.44394619
40	0	50	0.3586	0	-0.9669	0.9712		0.0229	0	-0.0876	0	0.0229	42.41048035
