1.5004
1.4771
1.4538
1.4476
1.4415
1.4106
1.3797
1.3269
1.2742
1.2604
1.2467
1.2329
1.2191
1.2053
1.1916
1.1779
1.1641
1.1503
1.1365
1.1228
1.1091
1.0953
1.0815
1.0677
1.054
1.0469
1.0399
1.0328
1.0259
1.0188
1.0118
1.0047
0.9977
0.9907
0.9836
0.9766
0.9696
0.9625
0.9555
0.9484
0.9415
0.9344
0.9274
0.9203
0.9133
0.8342
0.7552
0.6599
0.5647
0.4695
1.5004
1.4771
1.4538
1.4476
1.4415
1.4106
1.3797
1.3269
1.2742
1.2604
1.2467
1.2329
1.2191
1.2053
1.1916
1.1779
1.1641
1.1503
1.1365
1.1228
1.1091
1.0953
1.0815
1.0677
1.054
1.0469
1.0399
1.0328
1.0259
1.0188
1.0118
1.0047
0.9977
0.9907
0.9836
0.9766
0.9696
0.9625
0.9555
0.9484
0.9415
0.9344
0.9274
0.9203
0.9133
0.8342
0.7552
0.6599
0.5647
0.4695
0.9478
0.934
0.9203
0.9066
0.8929
0.8791
0.8654
0.8517
0.838
0.8242
0.8105
0.7968
0.783
0.7692
0.7555
0.7418
0.7281
0.7143
0.7006
0.6869
0.6732
0.6595
0.6457
0.632
0.6182
0.6045
0.5907
0.5478
0.5048
0.4043
0.304
0.2036
0.9478
0.934
0.9203
0.9066
0.8929
0.8791
0.8654
0.8517
0.838
0.8242
0.8105
0.7968
0.783
0.7692
0.7555
0.7418
0.7281
0.7143
0.7006
0.6869
0.6732
0.6595
0.6457
0.632
0.6182
0.6045
0.5907
0.5478
0.5048
0.4043
0.304
0.2036
0.7802
0.8284
0.8767
0.925
0.9732
1.0214
1.0697
1.118
1.1662
1.3117
1.4572
1.5764
1.6956
1.6401
1.5847
